# File automatically generated on 2017-11-15-09-22-24

latitude0_deg: 37.7734849494
longitude0_deg: -122.4165814611
altitude0: -5.6049325786
